-16389230229633520942662949607078174344083804536215908042392583192218359222783086583294474199273740175208337169213691488252571561755600522670631631564306088778700003262695713870013263337393845361746525012970511388537324631019672625971352531711618207424784255854788418714378737049712277712751017707072641538788913948724291403744200292594626137039007465088864086114290857776559173964914957852858120714384517795229693613014700112100418068658883869780366462205086945090898332311597802963359933330359915526296680118164673587459447775660601756576781549322836001
16389230229633520942662949607078174344083804536215908042392583192218359222783086583294474199273740175208337169213691488252571561755600522670631631564306088778700003262695713870013263337393845361746525012970511388537324631019672625971352531711618207424784255854788418714378737049712277712751017707072641538788913948724291403744200292594626137039007465088864086114290857776559173964914957852858120714384517795229693613014700112100418068658883869780366462205086945090898332311597802963359933330359915526296680118164673587459447775660601756576781549322836001
1 2 4829
2 3 337959
3 4 23652089
4 5 1655288319
5 6 115844770649
6 7 8107329716079
7 8 567384979841609
8 9 39707853468754239
9 10 2778903989281550969
10 11 194477430748990118799
11 12 13610164908878298434729
12 13 952480421329359188865759
13 14 66657219810314502409468889
14 15 4664840299247429671072291119
15 16 326456099736624506646132669449
16 17 22846053775604329971875419530879
17 18 1598806766669186728003154786692409
18 19 111886866835601808688223989855161039
19 20 7829978593473996986863903279716433769
20 21 547949253506892585967337132859866797599
21 22 38345851134906089596680936433050542629529
22 23 2683457220092502480874346486746588526696559
23 24 187788587892559584507778600559007785395455689
24 25 13141408508991164085651280639689552763077353919
25 26 919629317941733001073170925417958246178492128249
26 27 64354933540098267645630235704675035478672941105679
27 28 4503487918983442722700203735031927518985778818503209
28 29 315147776882377033701946455187266853847990296113727839
29 30 22053501583067451420154437618295946623207311024074676569
30 31 1543259272107096792743101821899012210247719082709302036399
31 32 107993654499255414218609801924829866927588054872360444584329
32 33 7557106702022742344890766016562920551858751895937591565487359
33 34 528823582123907261963107292768967359181971384611569001149602489
34 35 37005304770417894482691021178106682501919968307421399081621776719
35 36 2589494769473104030102790741051274457636317749826919334795146147049
36 37 181202397786730732665519119233039486492178560237711272770455376440479
37 38 12679749083647706276227325828833733540944677776877500366702331727274009
38 39 887268703794274843600422919277350181407072122158302526035865552636454639
39 40 62086534289263652754809822248802719879902120673239479348546454237188279369
40 41 4344475876928629065734083028272753101473050567800003033746798250840367835199
41 42 304001023229296344077100890409908669504586590313800215396022675809666116299129
42 43 21272099166995498058172832897281539485825647912279815293117609982486294257238159
43 44 1488480897096762396139178013179450980063621001771866885811350308756526892263909289
44 45 104153473630675872506505120358813336944417091125802548892605871921713409350737559519
45 46 7287889723354388914605507245090809138246613469931980971375016906441652063902366725849
46 47 509949687048509750602046073374501803879019556365170648967626200357357296537068037535279
47 48 35682093948768561929299125337703432929856088501927116076701460225372368054131830665004809
48 49 2496725302145273771539007687944910077830981283636825241445803676001438131843359977215341439
49 50 174698260677103848998383431071846259312783601138214592142652060996102107360878558382289242169
50 51 12223730003809632064223195572044119476282510780813236042128296330723249622622377645142536193999
51 52 855295574971951991533504923231144937371299522437739758991109039481350723206188812805120069773929
52 53 59844737952111359447034912182532162372229154083079522888368741803175901347639405709163524953948959
53 54 4187289043637100284110403149278244555748952099198646125074180668025488995682397805350610271730376089
54 55 292979407530837683607803330501047635370623350194103874880266827429809718693450244179893329292856702319
55 56 20499269914971724976671565948734841145185600444351375116498944747516490027234967336772426379792825864649
56 57 1434289402582749934179908246181405853679171612188847633271425077073670791933682680910842272965290636390079
57 58 100353434286758267585309379946366064877190763110201181962271180472230626227291470344669801380535635183695609
58 59 7021415903596648556654478588916028054898414685959793919321253813528374462137694394471555898018030098042388239
59 60 491263074001938856589293862703720613301038378062631068271809020760514586811776302007480468759280136961009564969
60 61 34371656393398035452517676054311947042601290317610804847298440473996535663636117442531113281908889724231679112799
61 62 2404826073679486881556201826020493084900621195811847074158189273653754032118164338419709043015531170420449217008729
62 63 168253344113619414100411607478959148169259175730944737365231438429416536280389668027799342054102713099851894407619759
63 64 11771735933833287586823713579211389259909456434878328009931432128488574075907666429973753285841292630089484502941002889
64 65 823595646425805061663097925498378919246015253935048904695131681122688759389444316528136483294731776736353399708811205119
65 66 57621458554887074387982951006590822991938152323496605352654349359710901916650546473497690313925956148281091379325595563449
66 67 4031355293502826332239999402202362813210583665555828298389458804539474036082188799618336012288742886527957487932117285004879
67 68 282042447366109753137564649207776766392759679795593661470221575122302656561835404772901856872500744943484981643180327235346409
68 69 19732149269912428321163818509350780879722514033366239624305631833683488615890313738876031837947552890987433696665803233709595039
69 70 1380482083648086920190402103255809575068858870120539289520092860191527691728212275460198260494276255260107792463272029593381247769
70 71 96579191922915486990662518567595769112488205941165828889534103073598466112703071557674076495093614123467653264892314101130068591599
71 72 6756670105400091672337116664849629856768608453205301604509447018225491094001918080594859431151646602766203381807354301180234870003529
72 73 472691901004522955455940732462846837315307408374353356654847537294009867674136183722235019611766908796400440108322155383796675770250559
73 74 33068907617799281107772173452958743673318360568353474313921551077874700604863669044278686392435450524544431247690873032249563979687789689
74 75 2313437226117219547579851016526834076480811020517303695688346441629103742945320502143786733862916987242654618586051985289719042557833067919
75 76 161842178022065529103131291269078648727402101868223053751866739412666365749117755652208858104267106094228477919609690955570052021606147822249
76 77 11321964087308658452069652516801724110454065591448451211442128442289311968187360651306828925402964532690221932292288057845473693534036495379679
77 78 792041311540855162099258487261722215398834802109163043666562415481841149741302606242784853703610481821005757192752452107028632240916591171957209
78 79 55407663413336545349209273695398263542279001107893186636117922224761721631632485043237724612956344209291408760685424099599032889105077973208961839
79 80 3876035222922402738605192909360395748929130189730398988669811828746652235845906438069878447519900438859690022008665111071531335126460536097836290569
80 81 271144879267776155757762109953686430793880721245757119820937394396212208745059357102961369773912931159037991562615222886078724793978698062946376630399
81 82 18967532918832096350976648743948619869759404652691670921063207820995059820899214354310257253947818112291697400945680824911589460372487562469192740758329
82 83 1326832091594478091371629786426933840590488871438112714359853452611128757283844219156028265030295085972710515467143338568722851686446616935312684593841359
83 84 92814686308225892019045855628773030770554689748896288247055193947823707467152939560078006817150951104062446598167177038379322469737709802407200606162736489
84 85 6492515274235294660568465605115136150913481563546956452466310687165832829167858708765538484017717528388433708469869569724931895351377395970911243037554290719
85 86 454155662715293863805495747846232234349144092408106307209885492969698602800917968322353232365257944515578793301360739450470164569947795113934698255666354641049
86 87 31768147529907020333549626388896518373189313658714615747836290393513313833965175750887079497933314060606094324396612500983381684466293453089363576152311179514479
87 88 2222155158021879363917183454038634885904447086610472473611786045425975194668527478312982644353265298303032697032159487569820099597106835169344813906814093745528009
88 89 155436184057447099254581223866631822597776150328264978512515469149301332693455450960221767749081836179515321489283323617457227071394585297023481787383800655932488639
89 90 10872390816731300556227550798623071603341335175831313776414104504284391192274637018175745510184810368745587825739115976839463122069015556088667206904249846571206693369
90 91 760489270393601295132815979988692937760180792660738299267186853432071534624250228290477931223121536180936735627477234355601881666900104482295371690201739106555675229199
91 92 53193204766343218849276125709249038355579055941282470727895246947628662156414336208623933116841629068846508229550883639247733598349907418242971390004323476565452941273129
92 93 3720610198198195420937838304460310507468548348196959025275311158058245836971897770812299251295755663888102084298112738386589085482843426695250968690306966836147158830392159
93 94 260235810257219756671332856153936060925837409067597343046179495956498212095658334727673246841998652136055247985166004425447825069281883295362818777011794645366448276957843289
94 95 18201816561222954448596876344537241368424389387992339013893012474316766095737493275664800525781904301659922606946786314206795579919013713970760133167837419821017827664006873519
95 96 1273084158154054386595635269494688810146426980640961006019402663974867905383564628272200837330515205417854505093221828308682486174249973691923969454916456807292265764144488019849
96 97 89041837990443584900458097566401032629576989012053576949687503623102047163267271006326259450466579584667669861618749809916456518371748132126601831299068433317750869254258649409279
97 98 6227670890626895169584284467473942214342613356913978149989506770902295160264369009379164420983127150511404560174931236504068412804394117380988730022233858765560311717052364108058809
98 99 435563660765887601956107365008812720053310847934964641708573561690406443195837693421020673889802027686309723772420117791788857309111982334050199831578603972354782131910717851672175439
99 100 30462951841574482882977244662897100722234041174967543075461023546962901544099200795749467846175943965727990387841828363217008868946950745717564188042080882037189531365660967468724456169
100 101 2130524815655540704777937893374691983170044891433649304348393718520449095034673975898202217078492021566687317536769813788407629695233502945947057350987742624640456726961928690279436387999
101 102 149003128354806059445292336991232979037473145052555862828082227282977701725716002646771657412572933531234799545110656778976941708361578709162241071920129726349472427614296937009839983547929
102 103 10420732764219617079039868185691630887928590341985139616148077265853223941003626712980738676292678280717670767702856631307362861293672088350519116106329210570812542360615082527698638831902959
103 104 728777771831579892701518499336092049381689707308702047621310224888905398104702833375829016016780157930954624506902820822822763151850718272886857243549373950527690507603670859466603357065110089
104 105 50966623990081267988085963523501573449813154730860844822348797698045138145975074742477620037191391213097778339990100278420416183781400997374966864292005550487466026039860631022128838351622816319
105 106 3564268456598506719593573915113344370996656971727129943273268657726504650002112456811474215640588776129942262139297119767849549048479470813622647364732394084610087848830104802571147522965219958649
106 107 249257731149685545561906683319178736264957254001146923234457356180152819064801734940304092820481803105225900611890095503517317982442042427767207962895999980007316237266937440982551474130530617064079
107 108 17430925862811083527848779989890880289505587664677880357990341992500819377626545716229850235954208020471038943444196780749729576753385012371471765365615998580519452845952558309761154663267673811549609
108 109 1218949622842425615984001762478295801583450308333880922001385160727256021493278323335097541951748769453443764984537971433230799949490335878374495340958735899216881152062631639993041981092004840620022239
109 110 85240195282610926720335811959682032984423722781628144622983307959814026723748311380586397742504162631194507313902195971759386796413813847364589169208070248844398561796446846439505980657532343684021578969
110 111 5960687909321285356126860726798036516933996879790180209493762173519315341226918637687247298192895546814810019287055913994916462545380783162885831013772987667952297887547726097204924626684796401565532106799
111 112 416813224659724929413818377038903444955107657825723530762393425905947750295966420352387472264952583823851511369380969893639068840722035604564894001977882124424613150015888552901549648494620544511152779582729
112 113 29146045767694426827397893350299144249508215260869822196313475050347635545833479640381014517339623451493457307226048862448373887691264527924107474140429630834147533651128087256010025043118058660291847350373759
113 114 2038030726686081283476425628508829217753773292388798981791104655346456292991567520142357309788072565056035468813049469233834546026079781482611630663970503789224474889230094195176711778061382164880721161876536889
114 115 142506484997296159638008483668758172783226204380297640116867785403622588649018626527378738528940303118978518285726512315602252767851664485265425777141905769034937717135336687857546536242358133706531202493234119119
115 116 9964401672988934530081360823606021150198641554449636316976567604838897223343535765252886302933862091447474798286582374407759946517468178453845230177075309601480577916608904837885804073207427493163715377019622457449
116 117 696723405454877855340569712294720863445374223407319449312863138826280242905815969059584638224841248392770710678347348582950956202740240670223011342572346981705121032079232243489892089197727352014623791768393194478879
117 118 48714923854382772988515966140233716629310516974817349857740161578456195049702678884094589064121321428886720458162661749389517890394557087585833805322636635701063593277625489287782338333038641993038289215555916808000409
118 119 3406088938357228050338119755668191353409273003114868666856432982595710694766172356431201406063645316960957152529548984206655770218013553218594200177907201134775515122711409739432546021645743581505718534304470093368029039
119 120 238145368752086773344750533832253409183034224074354253233788447501067918565007988202849290606291022189927957829597977878672559685478962278520188212631411280569061573712510091499710767536847794286906015935617376629130061769
120 121 16650234970408811631429370084676819668363738769003052431687699174149894364678249725138678987350716903483885005901456429385751737669006321774933363096830200920403371733588216496479464495116193394370327131428833740668234385599
121 122 1164100648129771176508131028793132129599607072779889754296036999474827550151543509876392762903184703107285835419003406486388373374499448846020268779874944265348639393084763371250041979153249731000293226331447195587444641377529
122 123 81386523583365942079442505738987836521776815580019284770253352030425709578916733758632145002215980127812394314749241860533574509589460868067439083371121042839753396909018199358752980519880730901020819069532750886708569537804559
123 124 5689919604049635085955982096095418265460483845066667073754418748900132126374088215881460413683625223578336996347196172097883790180851721632788174919349594041622491180540292154471461616911531893972478153936825312956308437184123689
124 125 397787641961669814984964222026684427916697448721704212091213884003702853211530271658884157668377735289317916740650928218949749102840472235927960419273821176955196873818360742967473774800718764472045948929514597219897899040072781919
125 126 27809157084468757535678724288168275556915735559778958548301696462488445634746549870971807975233643314609491388586215903545432186301673528750885189768441303563818978041103612750690638010851032277515262373995536402612750831845167516249
126 127 1944086568360595832055427941159105246779132393781963221217206197712467654037958081662370660896106362972028239589621329151725685227418820541312848473559332553031147440918356505299035298770423291703583628553683084585505309061006893653679
127 128 135904695429034287367492079991237510277986461791155390206566642458890364414661736655664377549439789905446809580863114369772523651146736258433212241622712611265211468305203311876231506212700053710954437627311499005570876943331489449411209
128 129 9500451810741673233500906411203735872703803115456552809676381784072577141898653202586695049817361752697019800141281120253849179231418274348758069155212595399830014249669435143212436941101703813477765071539116429395532262976535750908195839
129 130 664117369032275517707192166423276331969643524177331656837733618533548265866841270386072045603532251300209148203030959538023291725430697478761822910020094273387931011726529895168083022818220970756921320079277266487082790671334038314481904569
130 131 46423303534164732026214590601999395520381835425184696150028822746389597091988312707580284032505759522425301489925198127199653712505579520992089426611426693410543101832583622556933894620093688923741413725628685920582878137664716720328215224399
131 132 3245022474226817892691512207758231398484710479789703822670527923129198308612150977950041981933756803699928043510389067031175413587896145990438349289411295232148560230113437201542306518026651913585640374519636700361384347774194887143303280932329
132 133 226824350301182604699216706001973631450046455587180299130901188111660663967131373734281907811106084495236105730036623759213454364740626365321122799548201961482547776338054041309503762779892285864580466590894205725658288691967836987174532946195359
133 134 15854471695559462335912739873719871983987539153237594178784543745792038025563133336122040351155186599439648531688530286904155259896584471937799718767922339265260892120001836932974767157372352296385213127953488606521738497129716426089391839179870489
134 135 1108163488077006644008589293364693001435512136338214692528041763241723861687758872933826607691684070579666997489800750370195023452657497507583780032522486087833523340520130422241208468173437013043350132084697691063043433296209866252346820581770804719
135 136 77454327491927408995724773192033949441989141632097428577894706200496635510925228403143011139286176552517993443569910276283846665138682323038448382309096512236180157176929259979125801240314027926077859378013536065476083764030900503916624261305727135049
136 137 5413487640619041647674504232054262654185973652524810407618786010958658014452295606362046330411681063124092098019047619616153113224846444935729835143945852368768791159561977458517931888062295982751528015838961060648801947246193935778080322552706626588479
137 138 378353749692405649613352973955242305513536251094474047442112137728702501548475295333427767225794732434482558406143260292746871038964097590436818295220155518182584172328900399554773164052423014775358489124566235306064938254479769440243702901242170487782009
138 139 26442845132752559606540483294379479686104322351272532963472444945282522386507107478393944916691002389535303008111533031785027843766450928921014098960631041790963476235351928368388894647722034049050452727844202706730610616068063630257302905988194104632522639
139 140 1848023027746854825943843863949952377338434283589891132062317412773184223801579936646410230141231516725099408865194153826736976907418015953392001026204803967158406812709986914155611519988264417482582143676938392177873353740832517748268506325161781428909107369
140 141 129150306602526309213575782843877271164780751900350160792328703822964839295082446899525936213959361982248560699678056521598325360426679132690832072860541081668246883702409070905048417919166773641263332201062625844629008115599108760127063949086486481452546623199
141 142 9025518783054341114173281377155431918862067628507613745368629697555316748312772727700498162366349401373302996594591025026481100590294218421049077173098416798445528742871044034258437672260840928529696586275446434968659576207536721969021540385140540183130810247129
142 143 630721124596106340306961033444845862870591198674833238959103129355164410215541193515126337910277236541860375842437393616390158141910889507894484479289987592689632540743844126432349074730519705925608457625556696882774829910735107259800529367344978353002287527546159
143 144 44074850216270918645840297271260770028008882899468646378751451642228257601276827828961337778388333827576997100708555105529401228075673155060508398029589119080963910392812932976696784305866899120718200491414525478677012923662192615445837585081493463063162414455777289
144 145 3079869891251551017737885579026884635482414231411157941777212128659017203008792992113370727338677204075310523262992423606186487193372794009296096260100827454748437637889718241345471685716549837570992234890431308986067917580015675696654468540786035877484531426360187519
145 146 215209649091602227831215589204624706563816258618614097288192195479046985345893977578047423796163466651561108189560412853991170590729468374660022834467158749287139072290169995135528489685875038467540448677220622938010822148181112974462467266395808547301401731271573313849
146 147 15037607162395705566044106750088466987150493735111132747002355283110309434817349667701234240385823093615822954110945867090008211941792254600861621247168271199386874132602069654622522767697127731195371856082664228598768372520859021186835175914102406858399522920281705283279
147 148 1050710653912531412491077573415489053566052811316157653805016883387690113140153234582978331627468626941572328827528115375355040047867250076661175108548947255156468063414746945478199116506496068914871401781869160230512554448980990504265297489901270886946366127340001075112809
148 149 73413294604560272498002727303644275626675492532075899433905674800606068061719378227724810584755535623491058282750063308487719833398574755442943432706975255116109232502447033128952137271961220892955869526512710376366391365877650325802836121782990232973191995041140076333009439
149 150 5129242589297717302137729009938862267137961974781398280769766236448635734395870754231795984262011447012624743594944193081253947471298807636448983722195243113243755507673739352155601746309246683399866736382402436722013786977313173132001364646592306541096631647920945419643670169
150 151 358359130906313585286346235702267529801875440559759937402025835580245480283072466554890925174708601980029529181619316581272839021462215342187877844275862261040306641044835494003047723987956514521390538283150573007262978875389235292372096889908053764417860847002387124794700581999
151 152 25036301788980560533750306054623576234388766104262601718259904621664893119965740135707594407851715987531418638941450998345638183093817289295339326943586220533861771514183320074216388403144912531018728218103690683515671500152635705758418879183471817273668120137169485860423741321929
152 153 1749073671641880516385652362261654625933495081119019953386578148820929892908299200356962913388790202401183268058096587357808973879561027539969092212994621657904185777507015725269363576623288789702329703485362038529612676510837135108847740422026499026430436529739033496090085633856959
153 154 122188967810271766957637961987414128371710638899596682887755793014076596093840458775865026580796390080535690160652607355673243547041832955337805547122618137711197190202998116494124813940253504068865408947460704735602500032269436592728189569963881430876560993611471378222396080003844089
154 155 8535748313188172974590260399784968609521729531681603118842273415344778481477257661622863068350003695421651470403277597981616739951480139828984193845705887777495000504412866271082861789757998788889444035269710036227777502291129998083701459467435581592235830546414467853790121680272930319
155 156 596261342142481707637766045292232355935161988636110525804614260283653083301906250172774510530792462354190477228418682757711939904360789927857877763045118032202145035813313505246883187072817914011150526504149412572172202662670229863942803622187926293048743968795427217619098639299378052649
156 157 41650180125544701093211418199273468197534844625234016637804511825731535692626810696095576535142218825695249481302744606868748328956015084877909321176203380286352297542745258872528706282170071894791687381794608292624226389049586320339939057175342766806460821784475332450956003390255841738079
157 158 2909256527253668767183112720995164206854658008636527032681503293818390708649906244790786974117014316522703505038446136262665173058125001026331561803510440000331013125534913379949538146034075104530209804107417188776320073622520628744135673059449336443258718346697748604017876240708164763403609
158 159 203203775118810131739558145209929016224758601430337248918203540654507357527281531355905947970842191065995804288346264516898110206284230172869540888049241240023501931912978849976417208368419332421644896091626620403118725227198964640833632787220902887471369002615540150885269213090279698201656239
159 160 14192727351301494802377628251254025179623312498754012745039627862008135589356661884572527402527187787187571984615745999657187628987195199273737403051496128041668637165821498348325621794157772601936787622505490048621429491131126489499187927892684105010467199185703350712854114129409858572317592969
160 161 991251794193024412389641601733470339689836813215539669927115931490245551188700114885873802341247788395448502517739251302679847961961899138435355616656225090958473238773326382731119147385201854737511921197889793452121493870309980754442342880380571455743171142184937900612642103188099958634549100799
161 162 69228648045248012979122653435686812753539127544583650116876395865944188838504106632582744939555814861436006091460976815381636046570267638128910248782591981458051599952906173173909459464349331686363346405050175335100626064792008633565406344507020573357765151095130590943497589326355097063052986156729
162 163 4834717957240638500479775373816493009990528022105062506941805637591610236821239464211374238841368387137097801382833651994491838195457098258152627663564030683521663596656338295347571621968802549731797594758562448792144450600232612983143850459998460708401325727754271956988328842171211891476762017127759
163 164 337628851186047404061408740132762055023574987220233072397918907446674424864429354489867525327040542724993839720418490158776618034105220692898836564113046178530038115362600018969677585159784981030957629227857933864242255992616515521803213382659890710296494126670553308946171347794156044294850103216070889
164 165 23577119769746710625274148750851479498671148928190702548605791931150791028882978845940791104071115640152755327706323861974878706977414339355717396052026278675632706190744601346847108546344733653197991675177913304361200175475772602048028150168852240431051082993609284935178165693385079144934357328341033119
165 166 1646358497139630599978453535410231195845464312390330689535759692282289643496286125463009944798635807918319117796111768449338106054312475005448935119693865785969922139542866695626144706790476089377057408937631844609645212458779854745409998661988509070604626892546259230397649764230340619290339370312213351449
166 167 114958262841046762789349429201110745505814857873928835557971330713983408319427938825958670429374204184923801630551329757341525779980309709170384393498264470803864471907543535389456274182123802345771076034571860967284810084573369686924109905001184144012928509370784405358233133260354183969614095292167147952879
167 168 8026713329803629471405355446367766072967937327644022286681231960028681044862797330909013104892542824720210014461062006591944747887290668215942991938376777427074377505435591012651395466930789966549746398454602128677221516004709247771611803255084074224917924165325692780434552461485147061842600765743867504654409
168 169 560424013182309344405088454808334611124579319564380829698936192715546487978097567693156255755858743486478317935169634035476826325605844963871151427624751197322280802885926961898249078152086087625031994290276751136082727636334356591784438031110969269969172615738124187410853224765445441390824654367814592830463039
169 170 39127020609581579088232855559527382785915035540186906222744280331549510011943654310117236930260144992733999056987440226240267114910589518872595681361357335009881937004900814294775684548798112221377271594609649330661873662179739318016695100208878818167811255717406817306170578958346626338748550460114836090962875769
170 171 2731602560434925209747543013495937955524860792931381053803230648952214866432910346291543816060062488847696626897435990743557836364132072690596368476656370785701617527347957814929073602964665967717786283217285102476993030014761491579185352114830396089914599155935884028738111106042610470051147082668153362458364179599
171 172 190694668591704006505886272772076159283007645168595804659216448254461231407680396905825010521075890313637249079310896770427527366236992340577287418842602325784814844441705004859964225810491283707962826108427242275866505131048065902122160000152958122383936540071447766040405888529025343373631442869438888734543856751529
172 173 13311883546068686624884675683787926819945519827903044619547462878586525742311371542652353717653189964649799884502579570634798911909679518749133574727824765130721853955361055345057460032544881143265360653698334201586521864304412679050673360010860026689259494345072791388868818085560799379527832443730161100152613829358559
173 174 929223077094915901774484495736879169975770299246408142199886518056027809569731814892031571899352610156844655790688562510481835569066960210958715564975558324281251630830634929499079662310686561171840606412581728312643052365613300212597808560771061894937424098500168188609686084074816755946476103504841438110835581884457689
174 175 64860392646421769624525475750473966671454378649065416291033108539324888210044669332794253661072363907805591040509266847922988223047334181561985028264264641023968865788975079994434656024058745843200683055293302710197656717958544315094444407814745394540557110993511941391287711969311989672199803348843742105869326313796495919
175 176 4527076669983737485238904137004539825895489002263575230302232309306351024054731255910592853871420838521070397432084469880046616671411327351775072627332789512701789471017230679604860577708170954867248496925824492424033626975056646371705552954846923012379554880539347838781427549821151266726186037767905689516722168279551210249
176 177 315961659014990790384793868837784501094135687433308988506180206171750799987795100499406151700340689609677138566592854018909321482123746274237219649980528055401827052442223378251945101017280137795574643281733538962106387515229021892391094259794131533878948396518293696553481356037301739937559208681521303955687273947848135927679
177 178 22051022871294526142618581945215051719572551586846598484769314492964298208727094828540620906007075667514756662652132601362382644122533927729125859689410491933529720723397859855888102172226889783485799673003081266309553513581260554359767692445383338905405336152798852455297176278648423535566703816388012580853796450297217650865209
178 179 1538864779548023957896794526151533322021875407201824713476757718834364571491178721342178973796304441759485310757984212318116625055122264826847764555803654927280610171361248049768055254228109174627491776783218769907978299464269499359543506163622217062283778866848718524326099515784038071025235970963548893240619547971102453211429839
179 180 107386350245937583134633675919647391358808851028829690130919345325612842482882538411400349402423760220539088203494674908083402391483245719771779279711945199836923322166648611533531923050195751398551916151608532663466459261963134454527588937617177411422148299546259015227153065620666703042791753938411971420083987905948274178011518569
180 181 7493317430323520151236279509697161571143327221271917482480141828304618869775279670936819765974117115551369442225567626818720110675179990298387488597040108188421555873832051418880766536563898349297186046764205819106118607599382546271458814570819596210972529267784390081127867659067335916038214529627249970825963141322327466638817818399
181 182 522847596953306553145186041546652246477929148586056805079030851522655433498388217697431850472304424996663822982436501088265025719528647404806892872014287611377930467042075650740534424096036782800100209320258613156534421139556160785273575834528191330979049578012691695760078603793780850038713231603534747928643383033885250131356065106329
182 183 36479723541708328841826922694883073744805673660912579628217045178020460340489598730781896679703561860239292912662475548156329676397894732294786076626725215507833063159987371202577944110818611578807114861738361534113943900908487415754423884251501584499512520038901110398965580869358440352748639443850967102933680195405852759326280622549359
183 184 2545088462522940797566021473491651733022292117715971406335820038033287403522043979084011134990849230060321100462699641881365306546045779651674579230457245958056147484359103355383034031868121422095305155183423668922090016964502606518564095781856612499465388922761978838326556241724449265045153400513418664308291293873815545912165924201004489
184 185 177553247213444258112929221968754017844458990503216447541111910827931836004374895358859543535583038993115989389308146030935549731294918111381028870659647359011986471389496338232195416262636620968766666018023080493468391204479685062818050800511819487462042613516100497521185493162435897818205891436452725165888681865040903759763780618271318719
185 186 12385918198356624630019893574340807402947925835905141213807753837712950481112301669551660297612687824629558634592831370211526938578735928835902411987637765209151039468654240014485874554647200088782433287279638715036255775518057639460081606836339183609805025559643135324004170014532948745092618291988143486778096412417904166943228423897263629049
186 187 863974827317466110011546760797346375128696360061639166867567094302704792895091305473252170591541279476981300212727737426075616175066022952298526603078477520200723802274451041028497093379951206303552763396854348767574160061782092401665794085380082036296156814734662608004296071031839360901575898731158187561244845281671195852969218096705717662479
187 188 60262437205930297100429222207952026100494995364242570695702423723248011907079734774056804374272261917845456916068239067125372995947991669959657263455505637258821389961486023913023293629976535647552246201176658762497765364386528560518271380061985824577027133846161045168305021043260594624011888809912231316848384014998654905560814484866105954036009
188 189 4203048754268365324403132930158424195780173436851855808762233286293526858209638814939946128932428771415612363108364853457081780038588691391387996929926261578096218687265507697824653847728334030976209480283542772137341340871443527796797267984400993544968926503077434206949656494071502218304844105503768423496235265064904498294817828425493522736556639
189 190 293125561438365934151708508778816241885544327635826092677833847462844667829372791079470086439339315037909422325420296173835427195579486886486210967745739865335224526795851046545550423188711716199310873100131536821751235201872490473572606026892470541692793781718497828693425611079076657499643931490767558068232703819608219378932065818210040114295521369
190 191 20441551854095821053107329074925721852834288215497755698026273059382269678639658631953749927152672426409635103235688438829098787784921854779357401710415800969128451402505424304734080046398531850151071990109339114344337699332946823623655027909365408460188358502013345837233218386614442682474719135844496622844521971192183575904176673092912848114982017199
191 192 1425424771078832075754142110933810059078479330035127872812870279482562025576209095440512410125010416385348720598893197890940855915643931698052925131472300805931045749577885125636119683294295761360726111297763077118447976652639224477279506981564944000673373453642947554443558505449625430455705058644959260221961059954645033889196543789596812216163723221129
192 193 99390380007259092047390612139286380721479173103929184247424132301911365303406379056302112689677686751078283141362569361642039708814732751172056157036827882819709047220029843920164497513894999056611553902141178475409806342337384937886844995691111024047809515208649276365492653886923405562355059163792107475759235256779797406132954609061373667347624348700159
193 194 6929682468761736562183990020298343688108521137379429451006837365541169240666540242599251210923252062466854781555623086473551545042126977375936880238775396472101678282622118918331679323486544933019420327052023671754096250305954330589965994694068882707394475579814098621949978425971561794927209200629239630778905703231365615835439777243357530381681328757711289
194 195 483115039459327167792411250529813147837549990043971506882266131000805377376052470296672920672480437654967456986770885465409830498130682036681981013194296324952382673166170443201549231967544690244378843220693680694540833771722757471887585623278890672225007766166801002158448468243980887439831853244676013785302304929426958724316224184278384657099374341797501519
195 196 33678698694019299944675555923820885715195198543424218098895542764373947083910693306112603296531178958890143170803248110849234921377055089613753028073682061351940615851798101467309995469695673007350897868669251329312399197792315780504018579252801237727975551397842871153249841245322643008228061580371996978756463649989314069426451917083765310654055578267622607849
196 197 2347614769743865268270969470125573541089899544104276362739408858702723813272426978787412649068668458058321925859006682866655266338455277913229731322813517915610284949467665204179009678348392783521913748675516844381180343043254420415785319126948887878686264149246843851880738728417907653584192372206411785491708919149241298929278086112947337056437946057001205157279
197 198 163630550024609082101169182346316067289155698957884603194745801538145540664376058277645545134922293160539379987227799173277694994478230390385039566990506181181905317091504229496709687162735887630055876155961695951063804356071063849520757658013371039386724754596525913483532449717671443404477658426655236769911333259596132223978744114019260931007094170047085566166809
198 199 11404262147842870192958136444306464988554152818863475527644295989125983881713062132574580998152761099086192606679856469584878320519307753815538814271278187506065533511047800294266387788554248021733967207073280412525530109281045533315973793718949343796457457576353339857330803929954672481717913748292521810663704661431325387902490832095367526101503686073343075197843439
199 200 794757129223537559164286402386020708959031723639063571519959100822180390219592751053117561418975517963272439005337600320277699070665588247777326164307408717881170799112963820892913532987351609543111671702202909289312637758954232865434139354045403409548479487921087129870487079026781746201971876128769048557123030961624102541076849078771094353206761711207358339046884169
200 201 55381572345739730983162444608225788970109333523356490211922082149971295128848659099593908599256325370363036644553714991322310315982888406473375082239092037316099381125020331283396860842101964277560928690856406559541197280885750533445823894137223642077942043642397186220804582610901503980340003205142602447555735198275311280416456284592747699077680081495722442072328775999
201 202 3858858768508320399579401269901313321259028360307119169426816852059716073776284960308746832242833552943724145025545940184665590172379291721292575559104155933700593867036436521121177119789239463706825937050804865727425006942888287874653496483742878587533885098610200221677125365374006782604140227565124773776457199077547100909568396206085086634515285786196293387135343095929
202 203 268852671801346713354378229353203007116079611192222046535928427855062629612078343678551577607935593874360812325170014059165965943870524752529578995105398561190769811060786502999603575505036001923184641530607145466647175492945068439100398250345744379714905842001324215739075900941554481564893956157123858938128461134505844164579356130632041151050585290819936830486609359810959
203 204 18729698644503534197057706027392096796709854227376926289514628572827041888634910205941300686472035978154565537072008659624613214929018910251846537781113542137406591840399807412971853860857556136546109548673107328131949459999099859176128275774547850959758314782094019317474388966850368191107470887155793984607120740549914935685134285274874921724591555648215514964549264546578089
204 205 1304689730022305156413876749976866702969173778434803035537998342328951637125492970955322056081117171364220503471058251133015612563955158325438354221463178592256203488524263925321001624120886485694773777955790620297368411659936090001505107579992897418142840349528675371540681616646376141568630432988061372907105572579043960433644534254516119442446000451023301562482997782807044319
205 206 90874649669962462094979822790599484039005527249243904351970062261431782648179005181172145495671502350926900270171330371420873693320453339935130652454173877085213930435134170627791115312582940484328938234861134041113157227855462390106862638179495716688141664816535951379388394781892706051372760742152357476404495653112121190788761932070644480413666032022654410936292842579300146649
206 207 6329017645253850528015187566089499735742985663322419427003927017486991716879539664897321896166529489800517035842998074239255596315326784053424801515366519065501832853388326349673169187193388774387354614675140516919034163177737829697587247310744195884858058201974052547936576029514382129647466012692817380824719191370960604546002097177015758109370288273608463176476791823130310412079
207 208 440744479121079487838091727549340027065903508099718934578262500026349872318565437000096824245993291377766207711111216521773296824658423452055297670969435019122245198065137187283795012290730602981502177641934976701251425585619385908528694559062837907824922132340157730903496898095521131204970086901190034038555062587338202922766148899568118825765290467426200885529852219442252039257609
208 209 30689753859160570660935451380992130129649755895347945223325495226804983164026414482473962394737402519956465619126981100600934538589663589994275708075318737940692463645844361449139445872641872811686654612577383345788851216578976399505537313693461491455569471396151198894148279764782000315552876169984492416737409443701012407516396571869336436629335623187260262872619507580399894787290239
209 210 2136755232909875408636582758799670413763075145988457171634930201848543760704454220138347481155387097166363599972681589071518484722590201632478045413901850004600078739680323143528200656957572969629752477492994217551008436377107324364893149272235765893345432469126735121484527863299522022404254208068898961588356070502771880933664156602722887000682829246295478663955985038208392529897606969
210 211 148754411160264396432908975627222641596234308784493173440597447183423903934116765061611401741064690176273633469087007989097461689094590387907854134225826723083369557975079086835253246643987680843712425902002589446121598982774620029907413598328739378427525705307998193625401478294266063590702048772891826272773281005696803546290155118793324977048480876486978985140874937712795869622730094799
211 212 10354698466035199116116349252204030508666554063050905312098636949675507964009326399599620664147847441937755227277040628777295229091063942581591547218749373431892716338274945220435550511723125339903582239042183850674633527776998022123426365481340495868354325076867871747403504958892890514939845462875319665366902951404473051786601013434326073370442142230575507945002120577608506743213836730729
212 213 720703060244449025100847635693471772988699608231246577006138497402629820372754699987337846991754979137143528704700298951784242707039901676102373110741302840172526300560624214510203986332341899133154338971995053397898980472166859570763271949175175206653157080457618894065648852081395226560729027864147696241050109549717586676848671953837151209301392098370861064095150561010203978768182407881759
213 214 50156280118272372932121260849325488363333871067242767956735302493883530091432060492204521725022650271906594067795850227178420933110038341699924618937339314507819408177821536500374076029596274838453958067011648791250827613523847029524192308391437439672374152712490941478661068497779061085811760978354486433114557778029948654056255708722437735860398838984331135550755689831724482492540950959604889
214 215 3490141287261492928677885030358339147476238767571934794179169319546507535639329670463768463679171442027226425896854396241789665314527094849460576909780568229945080839286534300437030908101335513530231022757827064178808760560193139096217653895792058216738564842586856844984935863342313337092635029463168536751133602240126354437994155319293079246088317567887510624103653978052438256970407518131947119
215 216 242833209316056809470939122859378142628380327023446249234288420661456417970728142889134880405400601474463153534511094241015590771791429815525315988160483727318393939695628299954762200175194821460646402615805721556695421999773712875831453426601236133388438103823666835993930446297304246933577087091884966109330485759048971165097585027669808626472270547320013254311359432441723116244898933787368245449
216 217 16893480315874390279873327722291372547644719435473405214964195795119212481745199685163088872676002741023989311658697938661503662209391942587250487089018781449066493725829514820449426611438832323705894585722206230525374961983933614184033193288687765470579105371480345355569061687108601532283973183523832593762464488892476952721928536964556412479531208859720941056106519703362341253387824298903145426879
217 218 1175099674237486686391571768231974160354855215095222276615538156424370562611554285448995175432475397156300619877356270973424530235720857721641498218394044059545957735054688938908201017342157094983118515586276642367301622300859286607066356723496831348411116481375104520245403379784710708792162096030192114157134978711365863643256926124483505286046715829040186814983562898938726228990535525222123325308409
218 219 81728456897589903090241180540920235048240329734123517084418826954093763293955511813047768038779297376149160523763505452105185562055962984092816327961136868594119566825338451728422693186393153743801414606625641608078415183361009349101711327368275025737189270177632420937423639964714460324243508818143640105156583488506976318671241754838328875309316823861853263863832965824649562258328022290770756096897039
219 220 5683467041599867504357894768156841564838256073488161194123829963098098928268302366958229271568478206170217553060193602008911248978358117880528856097101899495827448979150917667333840683090913915809900437070420554173567478018631663786221504243147526827340438182611901886557078437494726683021289126088198447466117427683995318625658164593521350146961494494191581734332140573550118920341289582644723682879689769
220 221 395178422084559499755964495021741092452439667583236848461898454834985945314871740030262920138422319110539347178382675786293713862530358590213271559724517591998896058938347286003810751179444888022502931031999859346323290939322848128821726801263474404741171110965445033945552569062125594494511527952262089770094337365563667622421729686140015860434266109087602303137581980722058443344231560367775381484457973599
221 222 27473326317171547968932256800325991458547860444000234498332247215135466615903452580484672259822210309920066713442795083883124747194340715353842875118560539977581922883926906519888127721339887049597708103271990013588953656691922217146342602889706682736623148878546597410134232403410917209110318484610608373676697952955020401191942807715941126090832893745219763522768320631266149477440440786112052085396516125529
222 223 1909702252960927549832304668587911566166623174715345927409211536804220644627474265897932075546972727719348851118872208169640831457626158671531885739886183704604537713710107807865286575347082980521437275332311290964815709625126477417390324805169174474300243570376808416119530500642175121846832612407353194531045554659806448484627939347831819952449135455910603210116550764819896612898271295813955698063152644912559
223 224 132725585871148191120761641973275353280511001228182610307987558030171841811433712166599601520806769368125456441950289785020227241969415017377396799984706018660657660900008475505161412348879461617022046548594101658501915383383979896634713061167011387675317293496753397544486665545594433651125115480922076811704234380846257842408583693696059216623888617369652827918275104302212659515777262002790854562483837788791689
224 225 9223087410616085025360837315349904328703933994838478794202464344337253091613606313977821398965300024140525568254195985084737108773285508852699476670609215619268177749761959241137284861717001674808565304950181217753635992220262572661064627342857808524947527838269491225658553253737204789229883199145467453631000641040084306811009442252420204380296091833245350782197532405457098825620185602198150673936352483004209919
225 226 640809163117261478705692700857158004543115017168157936751849309141598632114692940802872797695697659644230586607348693665397402944445264111864964114631910489573344488043394129739704946128166311911408136651462866460508155447638642658935588541342904405271274476517133877021757281015341540035321707139328189207801045513845985783581670399921834511001022520160419905536024800787454016619033177756068697849481026293298904249
226 227 44515347568771925921459309363570254126920665466363029474824504797609259262852081272735292122235828889858100637412811760949890384563553260775043541110171577402078729397801634864846091641337951655709977702253863518696079036782343628784426786435346212774260487832716505268544766952089249342507841206892301433753874231483064990634298598394450250281072598931389813293057760855909235179951355620680877547313152866824222201679
227 228 3091842466504052005758469897003330549316532195431442210293564110029160354452119543665398384687634505038166174436683450776909451589568047133312267646813597280513578739514361691136965339171664613255408416860024309827421611611546397643694301836909581106972494636122871874066678453598336703318056725689353401796525070435297614335035200486005967769956154524128676743807101020769555697776546249068342305859233853544519776319209
228 229 214708510360274860982291487940525444442835332188009095161514750669993591441374011731326770393444395627786670427630692107623277462848234939745063338883164476864083317164450873172027037365755090740133997597061725997746934424419794232702295430420580258595047119164723903058734170205481905935582027523944091527553280000906130617787499234506423711666886971213136048810304172474638454542134783683852303716005603601660904118663839
229 230 14907442902273616929883504411507534836336616827215014632614566217624169431606701522100044653578116293478234643345610836813642147861447932251491960577862612753683261384801195512305094532888294666479513829391382545840032344133805390521862975559861198360248345460695397117170126084589215321426323954200030498456282880064335273862912445649956083528348974956132659465531596245699330272491569641553513563836397855717924192425132569
230 231 1034848152730013928031585426958150953042571371662911860245925525855139740392916076311412247299095751110331332686406588215835853858108430796927401647229300948254845768949647727570043953429446746995145481886788160754642296433500182727052271264750145083577632527709373195319078952005834287821269000748202165390396084484567804444266783641146881930512777221885418822052743333444652449346901444550299463032384247755972617662184412399
231 232 71823598310632087710932528275906836242409577773211949570581105043982581320315860195071904940889262927969891731355643079469053919121892519076848588187354248318127444339438387891219877605097166833912329213961959413579603046778512973620711259797260300934011909467365496867654605592414234435310099053122353742718121998404314115542941638521428617066407182753864736365744776674570323903630002563071261875299281590674055854015093280329
232 233 4983932042730955144924506914920853673558170748858212944029685947701499456411743388237419727588880189825408010669704930772432408921387944129106464747687323300029386180181063486638884293774350191015765374191299118364151816321274421127070499445605481366314845572182950277603476997061410644907017032771687115732986661886706302203548856335021431811714909975524396281967879143894492997157730181978059593146248992937857965635071622903359
233 234 345771134421223199511020809472583391846926474056144635742397626557317994192085992571968814033812470013372167599590849133951771679879894302392074046132761971163050053038521163796719893724850457768678641567582237403854778958810483900022005460637989177008354035624989469709846866791360155788398209326789785217042052993956147456451968799786521658631758608262232136019719419216509002798198842920442231113383678498587915560090085226138489
234 235 23983587701019624060779134768477615492832524220091075307850526184505384882717760313107626732650823728453197818513876221948210734523767014315623310708713441132844008162931598566742250075145394096035334551298338855673689306075544356901562387705297231567593136529374252349399127542186571060976272862202074750409985762570886469408089784784843037762854861186618481657400078764372139198672117847351398409050241173399742004766396051055832719
235 236 1663203327770287691000084579276604327010161338973802778767207988025388837328536821065490363555718169745441219440490027098957408318848074335614278800648768203050646387371905213840959388782993792430649323142182058752831940731363649340010929527076103441299112693585571916807338055495246545329315373216347307279108989142532939327974374719723855681162695144249912197675405592270421883105720367161949287042567123311381682338414119624964123049
236 237 115313238341543032848939625878667461109055103421453547526159211174588063196216423014089236400081668003694818783095128997870387222374456420172965456669170514199906420049668590274866290944929516075425941843094926171451067791926819103140775996422403344332237001244575606093321001940162504718381391498360658816816738229119838692286180605100393753362551355241743766034953797051199953700506146068498399380022265755108099446027402493372452736479
237 238 7993046067139237807430066889887388511136267727725150390715425075130734389143687644291095225539595884886126587797177754017906279010123425796385163751128664533025092681764902315966578860983582618254730663859739758173025813226804156322995095745990637447588827088364868032625791137751537835005078796383606775993988414267508547152318822962127956488741146222163807388481719590635196712735936370863386355981580868612675060667945577029444144290009
238 239 553912700909163657588409490857144498358209885604622073885863656055730874784064335465020921892677129790580599527419272197108960845226354629030669769263364243583003160481998332885202153402385454279050092644041522830284832739103095098932651797965335258778806723273905630316431170780359186285360594543236081095573177412993106847814636430311084910700621381773630324582202090935098966604251482331300431274692241671499929307424135969090534244590639
239 240 38376251874510063817038305768117053368160343263457714976051112880458303430508943708441206715935683752587815392014143942323369272496602576485290173623024895616068734999590200426459606690647943440620051663426948120950223124476319752024218277655538803373295277352447299752466613125405502226260602212569761757785695596322510586194839186552087028659744118105927753045336348456392026628901855245522330620503149158676494980827113653805427931365935369
240 241 2658105390787375619988005943744496368070305268692566104410464545547638336024961315629056165140326074055696390622720513047963532021245980778143485727607589991258165927346686545691349840971504317360548324102313316587465841837818702393719497713543255039503964692023758282425129531903790658064502757092453084802784387338898251619833582245198179034841832385520870466218880740403833890652031722432085474055723590266031143638725069420185383126981411199
241 242 184062888284704945247628458400432232658156136866266977290901469906339237329890095272744121906585628191491748579493296946415712730687568484586339324686236457555539782807919506822976082324461829847955656931194245477710074770485127869954084337661571107804781493133686838052184196765169136722579695753564169020997691501061775865008184339409070711473770099371981803101540532568672206236294252292678068657956374908888211198349479928833162202015680195129
242 243 12742083455930140448575223094050797855490598112741590259097098465422069933470445694780512048081152986943525488313633919596236740881354631859300720714549618258778024717003618329953618898120741551279822456509891428917415308704444078766739987973971548654139486012491765501705077970327008707303158398503056000490836096575386086415581088098044020514637677055410708020209377812375726642776891912780142874714902618531062995082813074947154516343113293854159
243 244 881841212511166225368393018011014301313138333671217349396910578190005851089779069458513912903711999047323103412140696839383288192753787723767295177060900980436668764542150235613269135482449264386115351419859291453136486918015529592438539146151979954443903506886915350621060535893217618218524246293716976034849362856852412135506257254961125456539275070934160269434865824678676591637159325807390144104758085915705472650879728321247970660361043863645289
244 245 61011456188101639747524556762120551143364232427315942677251812151643137434310733690591316840460061520563235904193077673959747032997951548710464038014275435495443512956935200121601462179365260768581546941345999693172690571179102601063136279376790576765517148988970989894095298048418450893515221486853905298474304762836521261620944265102239907414288530036325379129875473552186038006238312132324700231437824100015088558212460710808605916885634114318815519
245 246 4219864496341835064320049203944256633688059253905597690989859939777353298321611475164561527373420039134220438532884688736589389334724843381051972330020158532087291567153376546147858563942728924371004822173085278215261030553716284675482675835752130950351717578216940282480766161437710013439580725566627276191675638161393009575087042822259033426414485632579101918221158622205208698442920161395053716432085511101071287633084710467411020098880022116635901849
246 247 291773956729333594523929890648401046167496119636929039323628745114940422014822871555964330662565719760725799389297145072279161142196383719637321829601893438611953851572658148402488790484479432316461391627915405753283533169313856211959269984338401297474971948053402760056134397462077410954210231515230536609608970309458903679831180040380391373275428479913116236193702262176569817589447331459048813866678071288176061421949014443186182427020481570281149031279
247 248 20167401352017116558203470037821592040187298376896174020412049160513153611431615857823099832375868891765262134382460552170512456056107632865034075493666786939811653982992517490396062395516237202497162253335838378483130855021283791049108168888026492120723008311791595963985542219807496177748926437581368099282236891971582161268013782867007787502555422073831252769752860614536457048850760533592465784534143061460500360958380025466218952318454191489961581220809
248 249 1393487025689625469922757718810291278213953356546823211439664068411100761798188164319914352972045886528094737983120126846814825427195149147372315151485606568612032569285833968585475509059926666939286761329613644772302290706511149164486679991049880940571333590137203313442973497606332228620173777068277135049038819329982333450028978583557552912681434967242018946652453103632088450468403997885065070701924157363695525628044981808101545614610247595787272266677439
249 250 96249685902712121964837592264277757788436550339928087931544749318214833964729400355727117602150401608388005247739108941113443478635661094440277081155946595083432671973829777643283616671733961142028536948396407171833462640162291590678554279364541546780564684899741435254451118330049588232032338171847676588481756172428745674952057479432586256800381882674183345212324170357878279983256683849839620019836615172822382319591193708375209738637327579300896330934098169
250 251 6645575194604970611525994646776016195446205415892149037492679233865120802889850273487549247632138570738077892155107330268325848114468323053638662140105005260762204878959403823833176670686652986337768505915713596710175847451522702938177353834882449821420092627881641903066029401433520764474296010201185037782204688242440942921596081039713624232827113669867017510075016095409357878811224553338613021408399677270389144690974753294639891443250258130363639496320969999
251 252 458665163502821610059922411641957827349385308451350417266690367863454308402763768793780669433444042480380596712606762130500130495320797911194874268409751164202810508223341944273358335708300284197743530700585473492122485169058111908610592122276653937320826576579596575117688087501779974277675016724284137682536532865213306947433321753819667320530725070560558243215326142774064409395596943287041524519996377086197629273059207483919432292470768327255818404238788869929
252 253 31643279336711143079164866647039253164895687574656428118264726076437407094427135540689954629383881293165417012466670028966938934711324939901893121009453038006608123411062977138092637281557674729783128354381455186739696447003125945511352040681642429549778686937151356833355854212626378173714926187424173775460093833430144793267765844521196379757681480009799635268288156136958573067087382973379948240919742773120031678387203731358279692765424551235163106700954009764959
253 254 2182136523867247772164431811372004294323846965023344790859875248496306487552490180332193675658910371208832233096144866295752741232552450907528404948336415072843777175089870313432470928229379724436635750385875378074448447737221942131305994888396612498034286772537746335168265649096472850333759759307116338057666662173540280322011374961004942962795385080695774104048459085724058687763204191109976325105301736891522249165491464926437858186345143137696580575767734693312089
254 255 150414151561827554771735498167667517270130854822249167763466721438085301485598251789610233759868472313413222314597076103735450008274610626649096286298452926378130208334688717817657993591000897738543492883132596030400939789342757891322725637076159487360434360850179989796946861085849572373696942910805260002094333014321359902862807622231350950358472340729399961387440595086408166831187497568808319082476423319298079690749894009777087931230505162776457220879509163225158319
255 256 10363176846597463795157479139122258592298931113771109044075227737743384266333477306084040392116670051283368147870347745136807327240934417347106403774849879707282786814994453754530396583031109350684552817103895411256523725043335810283913520232407323602590839620362779275583227137095319638532482946667173460148697644016816553103259341178425917475451536191787397258508282251134979845014312327385390654855826055670163658043242474694173243117365866557128462682445150588986240649
256 257 713649602107959447901679132722930900681598938575148011430177505474533233169596988763486833501904169833291193946171563828724646599846938031495994389350521994627565805490815051835025690060111956685960787582480250716077174478076842530157859936500919975783949613045757328566409126733767694335806289213369315670557532725193975270331413223668240140757059069616905205354088039830583568996016175244362736494763649952581619721070215703286300261332976525556120850453605691818023086079
257 258 49119604969632887092204086392495631792379762703653457662601146415324566073235793204413962774948637791615718651494562206520242754190974208225816382137419699097291328103682487148722551280811172419818243548123355157021958687943455819641208055491565318280660422526248770328215047998097506297842246534149221412609584823488772244193530338880445049993751193942800269580140250827971433398717148442349754291128219146633295000195985314933327318554641333314484580382206004119079639111609
258 259 3379025778241678623929430891708917506337999816496651913618779442352333647473349807667839188763294204546359095948260598890592734739688081343305017766304083259419075209329879880349802050995618886465147226000466231081192617843985363194525771939901137597926889999363662693303268407864922947146799503924594720295280522467702829337740654060511598549556334769938819140189957808785971771308917539406832554670103559410963945013914957360266239617379534665328405207136626292454654376924239
259 260 232318198033001237125795446360254078385530553488870235237120203687515950909760430655227930624129753016706510830776770277167969109966877654523700085825899835064551703840211102000171009324750736065089088431892663452049024436922960786811329807732980769452809189954820051224532056958409529247422764778646225140964917095206900882979586438296323497018499768665656158953487004423803995762933145297885111381577352718178440095987961972578903012833946961238316769706700466764280460761620969
260 261 15963107804792031673807886405002505045859948953942343157748614891448650850333672178277977449848722978760213320276669432594437752849079985011615773802920582944788986451100262376685596121341627919445779755674548378265385134921530215863604416349041634631149452486792223636941776044047076576567016299283881985008509113759689962691550637119038968288313483575261587285697577314090083699168253316149842908091992042990669246815145300053102113911210234247920490649175733140263912714075088799
261 262 1096176756251660317491708614694890441890165951666185316114067287367305493875538436780712005226745067512158719330049841718290916675184895943655034679657080014944425121519287818171819136765158378398362176043604783978735652572428645326315913560781956058811611126562247878222866099127342436936258157249155620935604147076937987351100095235451766748470257333843572697284527989300395942640945985446638846474531435052337516523875316303770250087695926631602354836091477052958737802699331304729
262 263 75224276841667707347505719239117102228589452883838684078072871508290279910292568860038844811222901314776119223761980602284663619541142802547629494031132984871562679472251278350099085560819440594523541436445769101022762892152433818168429862815518880175624389985919599353823493038041313022474329164690049086427894442462597101928106761717075439141388270702893661507201487240328111927507164966711358099691731888715963673195147457567687756226410790843767193362494870760070383991652522635759
263 264 5158624556104394958064514597681905918036988076840313433921360464453421162789826178465338452405506099848003975480091551582231714479632202319250236300494063192616544951636569791050029954352703983187959327602137666869893374508522801089958520259901840492469331689000291554121468005700933224595677370692993485136380505414844394236895580081912356179038567219905449967011305594063295946853008712636506425078112964098833420796855469487305830692075166149907470728737135823964997263407329107138889
264 265 353501406507631183569993133654736736367125738001805934314889654091729692799211423929219663077398540544131248000595865179739893552508660798352564733034931975347266321203667487138061768326458641874720264252765938596571834231704118877387054938453030674965322549919020700342624228404766258946293093319202537444683015884453951990819586185815777288711738272613286947657802697178494012226563618597191956180546020451017172876576738333598713979137336796643430421740336643501514805701920366606861119
265 266 24205334273737153941788394294838807415120898316358278971810279718600383505623374667047240385457828900477926209947961978979633369939949127041037952944469914456660322880083363824948060460897729707891399401457373137773258555362922440294480900630165177922537901044250469724326320216738404385186809625663380158572494127796230591348190619192920187498533417355543373283703991499673074868086016920400628888818767452022219274236948421685508692518750912561683559943563901688607551204836346029087139449
266 267 1656050142254011723449297721308230265787431744737541841480247859486757501080815051125439168854883128463055293039701189092821034205564782744974104641986646020913191909709526888241509536404080438695327602269242897601067440174602593260908143944741727632500190974141783350427168735388426711348263483422099991258647083073532371985721533962697333312395872632243579503142983396476788315634107201348444651106132489093577568470823337939671117168831314791879532755993037019891136135543380568065186900879
267 268 113202558717341997915662659059111594622877011375692753158817857986188901629446750113462138092813111477915503055156496626558987974383087205647390128386101614099158254555028973032060984142313625207820936894720104067017414044465241121524478220076662661907513559164066617880328980212578296505726707322969099379363942898220798410986228911351510665180106956889294144723151821149851970410021611295739570228535406725644007361428456993716649318987023350223446825675505628412270665623580020332628269962409
268 269 7730991572142783440565425252432830420862122832627095243236486114403450349380340961904728801877879569924701124369751114553496764386358325753760708031766696864042750101002736562960296368137941373986973918877397472372150202601824109628237953625443048995433462700648729869503357595093059051906596219930806055934839945773676687180022252705957257227787593939139884275343779301639489899111534401997509486226013877520724522661420446553882101648078657865864724622960899617271217259274181443616607167331039
269 270 527453094846942735478881545069244464065860572863227446097019787939527658164277727564659934743499855314142808352007118918044873545792580519212730894400179235757211239102891859408058696720151016449293266194954126391396630765864951083604894707406456478675775851746059820734738389251607192685368331615087229971373636149931044789781579942122965263172919169678931783549408330416403782836918942541823173522046985303971441108960851705325629217013584708476395448230223872826256425408466882496779108880503769
270 271 35947858259869292002912134350172302241601590295558406540794454110888251564742865005950548653500418136768371389515340728113448250956552974212804337192544788827474316711524151458623603287895724690635090156667866383497338431055892277935947524225858409985980085473970247272166425636864110680661151544671193327967528166645104180074492175890730533685277261047204156632007991459564668581421244920469445320065335956581972318736220471078119674407964514301824076824345894970664206204001148657271316730515767599
271 272 2447206133252264777080569664380149629658497184543494915149829683575791009552283659842667484468364676373050608412187661641313181862284844183518138998979924422960538797983532814407876340894146629626560179101247151907883463872532004303452274220035947109004586068651887556323816220217351858326941759671654726285694499831802396785288944488241867891654685534351495120872567393629091469280908389353330617724638852917320034630271653446546496882965480515429509454528558542917158640484081554666263487866619499529
272 273 166395209237018952313887014957244755641088199251707502528377548453071922070099956958241888502142341228861329980227216872701320835328094748038420043009221743164888616459403094082151255725232923064888587174636552493029796403679227985445111469622552244739325610874284016498990951635431981941212864936687485566284309488057970171755515058665172620307482672938956153581952284947665494318944495644086473858449358557129722458749287394704801278690549116595495171271527656547118263474369790381304707638529984466559
273 274 11299110020155916334167637877002166885990705087309588128206580804511459694409244141694048880994297671695386003403464900693559723925705683881332075239370041404135417094797678177976181643013933402905286701490555556535020477472287084559602914343201209376492118372074165171428357566115670717826113410504811475206185973652115882194641569165227256041831269778665886904318612231284250096645059190730139643949904457556210294571199405024040890787028987278280157160278463614845396706680255117072634242335628897125689
274 275 766190322934000010117618476319799095388481067029665638511091477624348364223306637896398706364548535801608616478159283140466356521943870529516874994995343774453597386563239245506349870710556982177149146652224667581079799197306715835241806918367285865730940404417265727171413387194212620965654052145841614739639204129300227635819551410731135178970020154285277970206621468421181756861799202541839914720443216486490930914555157756706903245879058096757891158379770916654023166174298113312157031205829651695923919
275 276 51876258733519097245771044912390903026402026167254202032877191746611164674272292559172794658859684119700746486505238366358764441683328495771658960354674366419404208544272273071853709004409285474538754771555617012953199913782980122507868291204077296466896768713625866629170350490789096088561437702354754646514383493180316162143188150161910597706871430954254735884670124257903904737187743380470633945151468370540856094933416200726190130457413124869810272244963735082435644798375166045163149215613905270410598249
276 277 3506586576444212661369153505337715822641934786445404263235559392479162848882559260498262476267409237943810430700786972448467994363288281372105044684882227106101614393523091452964814112190241050489533163927785400948434585832785819572457648675489488049149670578667436530671094884846025822287862076867187579902521228015802447512166358661495652437187871597752086247811578822311177236340329780013415010105754254308400782740272550251559499262476331865756529329392425190852930780684636789206583594308587274199152475679
277 278 236603701373044071941568551038035142951294734837548617012814231358904473261307561711166219699172072475164560690879928434430927930057505049481666267605662420855888713021722697700925856066909839310566564899186324979351873030921389350852423055959753651489626611085387993677647736824067833382438207457570318173079007189121973773363811464966191323040338883440398123594622096384093583780163414380952465717508552055896455574559351067860724447635819562468713582386862188550558085428609212033667435195909696468139825773209
278 279 15933386608671477216756472774834507517602141723460695810526076440984091370898046676598072470534238306417465216831158656185874906152565453557552871648533732623355285000253135854595419567848789321856905826064178379374894205770970375195077136973142509255763489387062547551112989314508816170153112729487492590288609510427660137908830614012599583935864060724268266775218168843270644448391602421047625065943107195968648345793713925818111435782143188935278664349467215387089624065431254054390387898909588449237927629897839
279 280 1070687115998649250013066962592630899513967150865341482730490048325001651187925999695832106440442401003294728939520126203086649955125928855691073552443114068239328281317730347924352654414137393008307893926093116344481274050027517828769333725093118157159207746481440876129022241330125948080871003793611973910491275240363869791526973594894570459446348311423046941040489987872215755835803771894381379681960610913774032551353688733085911940532166414404785168812172292483363308645619037861717540822580779895892861722746569
280 281 71777951910712302484562772034633454468986723906413490886684496902134298704134273974419906829547214158569754652821479273391419360094505664471403598801266432483669521214541893859994489020184889484542591088040162859078635438372157249136942684481611389158303750000182302205160579134438942313741841269346450147644880542065834755198415125237514502620690730111036332813874789138927318664342067804501077957419203374877956311146111900049099747777783815422739746985664232766318794913838951688181945398403235372608393182315006399
281 282 4799376252897147877758408052797941509542711331003555045851978523025677910878940411904921293957158463371960603218413550318849479496349432277683271875336290061047940933101287205075190259407806574069215110600980174898015664781837408519325329898194408630239566250012943456566401118545164904275670730123597960482786518486674267619087473891863529686069041837883579629785110028863839625168286814119576534976763439616334898091373944903486082092222650895014522035982160526408634438882565569860918123286629711455195915944365454329
282 283 319975630662257707415658558432381484134658279856626211758307022143013120874383256425726965505109688967354764429273558606202422389315576798730465448380122729163922151131008283431429216146181826205582652887178595250999390605529453073014266373771803012747009203750918985416214479416706708203572621838775455194277842812553873000955210646322310607710901970489734153714742812049332613386948363802489933983350204212759777764487550088147511828547808213546031064554733397375013045160662155460125186753350709513318910032049947257359
283 284 21263663946479511793148568716560019960559542144696627280036956862727230826219705308860043305253388581438377586532056418389859643796639650200909767001175943208704756871958770554607823887354838821863154957405310461147776221413920962953964669107798013905037653466315247964551228038586176282453656150553057318793726839691324983067819955888884053147474039904771124913746739655502615550473333829976785312817864499105944221278616056258473339826894383161768205583386071213625926206407013037668888259487900375445642612275546255272489
284 285 1407897732062190356978125153626026838289643791514792174046425017593764335751293664113403087480332635815058060487530368720144170500427773988637863868716598028482677627825075479545499963870508597640959064144871156624369475909881474003628114466553658987257673396108382605483137190739618516054209586689267069634354605618084073797815216868110767773470656833238749868876018515540685704083606701928351757210068379436522039710781739994351607127709501204485542596420411056167440760654897925674491066423640926656640625471563784124346719
285 286 92833170406765666721967260139966484994858850144443458958762251872966434134620471254955420107617560400174449923677461590142725610891017070899417263493195884268794903869700552959514610185588163322715347906122440092131648282866100648630359734318309788095294811123695164989302740542512914639848880654937961944039176998883969239644880397635864511916416635159951240690197314603388684989936075836912974761914854939993064819465503539598964106067374585518473524345849184987888294006497752722888865716078505792621484408481028672828617049
286 287 6092225299004872933616101666213920997975568226538010608174745176647258464297556936305100890396822816423758878615496151671007783748507370273287650725019127480341173635337152833950425215731503298227297505963254404567446112612009265658848993640109994954765931589782356714240494578518416939429270526500595298026781566920761816014786508232146380346065581096356538089004009336840596634285461384420821208095954700739507602182050751311526451530783595571811620228555292134140068874461340443325109465841573911276125393002153035770831810479
287 288 397622910238061720031693052040529430290106634723975504727590678098620265816891785881890787611092741926882985764107973282602751222411184366163454952666513429912194810350126801378222342795768793336153669247390343786115609912448786234204820223693509641788381142874547326711075115074807602699478207381542266159901491251374088937049842084482393004570656257841314204319284662915682361034267758293878305774812783752505039754925603343118378058685635285598625036227425741523944890086755171476082772074751747700604902903152865539729058544009
288 289 25786470607512484044396695056631462310966461410186633443961802083968582912622883835910249627891867214064419366020208359042079237129895365370807524222633330040323835291742229409595737012017828468207998759244664083142093817973592808698400153149438184566975061144092860196486333170311339791662952724089500897353005878847560314530538787998249903324516594306733308506669211067013447633433010838865359710011707646427857822599717837361404842166680105277502377572147227648200087196159617174801876817307374086742948106123853453320763156624639
289 290 1659706491776093501702419534343604917304441084258157057102488423689427469569874445030347983105622349806474691361232751410397498859931660217451489800638727789022052568695524143903233874999542911136644088893967627106040647069406118442476465082314041104255229341230593073950529655092105125208069643410354563712063417398176782331668253947875743136040678195778064903973513985757954781973743769559440539410831242896377905404579966452659743793834287474702668807622453163022206190927332819410933254028823560158749315534793595185774184120349369
290 291 105859856421092138039389579910989925654422879671772576834960711382885416133616564084805124967270171268812767232813382404426913530714784124767746666503572967951699950786110024124665163425206942983273062700603454928735524961457506441158132815453572018402121283227372108250487605511539463889772944682135174023556502635270551545548446030299177762658888151900242608182119492988814789520135807638720278298169018245642831283725177618138841809362234410703889485341194174574576639555840630178176261036046472771271201402970345258189967072544805199
291 292 6677498491246806760092905681761863078270553844956892759930092839250389151077659544156693144350151070364420963761360144514519238496924210311518375667829311369750091794424758406378715684206450692292380718982068038234687003630559999544188695519852870306550611109143419685784619991319301936173879072431597355672511687104209159733939668151241621148781058784917225180930484002205850055929642342349139759170000295440641021144487610887857768464718643159976153459224786394794941408464684742650514533559299566760255299610894513331487662150681169129
292 293 415403800852971827117333488970802763533666380170212172280388354761364352117875672224612262266038549715383902743269269826545452380413836553828390036641175252414814187606924115399813049249831040986358559754472422395275308453465152923174685975495001781765093388749182797690708019383670437468345414142643412252748329784398850341109716438738155101563455173729122987846064364156615353971004606306788922901070020976285512501258620373037901560995023664358306895604959834030440840000992616728186531882710269239978126272373510446535624012698363008159
293 294 25384768418772398025882280706526730159242306994564159274682196610277939567764501849211564052091184690157958096907007127305748170308637628841556668097294033082830844234285250991671422993720116838383424752039733407707424083894703364433012905811126485805321630601191978636040269376240601060252524404127682269945131414692318374218789867150409012211005317334767732137070569855119690131941327047782013525975971489316271387589362046485691010830646680169439789587952148216161299640070475787701243763672429116038446965338519241704029304901583773579289
294 295 1514695456807638140876254139435379217690843376787591961496659598885208649028952669782507587882645449226814095029839733912179593682861137994132391719611817660177522524627807536288599787342876200509860848057874471182228512815431364356876630421158675643177835772684630483158859125713082675277929232693065441166104330443154604569534080567679039866981377530768508981732010459713497999367834220392522960344293975741455268518844705300484061768975914292030225060744602523347452274445003780926788307220742467238729734539034866160986080648012447924129519
295 296 87409760368578159674916898548950620802974650364066594975858486289733059861292752248752096552559820430895735657579577058907754302849491441830130592021714945663361380128123165188085597736556563585124758558522825400388322610019146653087530747502074631235626339860608764304278997925628869944732975521207646322793407461463976924436919720305211830555677804684564137702972742639658357955116229647869130184444872277643324064837974076334368385597289914734145979312866779157669111485595268445801969812672715173949811152271475497430011726008883802613195849
296 297 4796739791635558954008299622408202821295934118699057842957648360392874454768383298254982902134186798099032675420416887762460776097958437467210426628591073567451667650665162836165728337760380748968582541904082259679077779320005797231664982204633905057629470130103222265603808852719649766076041262005742888918331929763942361635021300141670039969453124132604053776911064727415743414813252304998708243095585931712676008603496159419740155377407583946124364531213541320194506915477264059651939856699762777350436591811274760317530832546630749985536905279
297 298 241913801588780358930833260971272012411942698427156178827011741955421990611717066377654669334698030990411801016108283191735430544650167216980921112283418093063779079507015828914582274873527564586500088372617156374820003512325658543819734675768069695884692379237328780857870428543095133391398929602407745113201567013239907676086512310058572837831171813414887818160685595646517782451740913654908285259786601151599996610848227318801551031795938460174829881716161433733809990998885748235287729825683157191880998018600507982544689110810783248973120274809
298 299 10270049259589302607826240673580585728243127908294703735109143264561914636053241366922043352585513983095871546431795997855265649588820143382274056487864315491758061986683372581212430918498294284322657227275730218244603932017489042437207627726267318983323158925850343440908800426559754470789324001770949903037311257940033445002142374014158671486013198752457035089408677290902762554073604869498488253444848681763599759370224139634910123257511630672412921601847461795100509360920888124705428817623504160623550859320636066760672926867565610677091539511439
299 300 245765351705853283817258627947640685994925823886587017880140842784782670343273212839064406121108257594171236996825068234667366785112309148505464036740280561810904714972486864245478853386827498094589229833970693589633736958207432020862194170836385588101644283735374384304524830285742567426042004125737443115649099313742374595152108555005265675506937111424449491348016087654096141339225945734392665994584256405215582915285913914078618751283325777741317433731169787452136164625383056854085446051268795404272111011765160740007777807597158358073499305312169
300 301 -16389230229633520942662949607078174344083804536215908042392583192218359222783086583294474199273740175208337169213691488252571561755600522670631631564306088778700003262695713870013263337393845361746525012970511388537324631019672625971352531711618207424784255854788418714378737049712277712751017707072641538788913948724291403744200292594626137039007465088864086114290857776559173964914957852858120714384517795229693613014700112100418068658883869780366462205086945090898332311597802963359933330359915526296680118164673587459447775660601756576781549322836001
301 302 -3532335260356417273487251275497796791910597784322780512841654218743158522018483076054670960519505404947406588733351088969909403129547850164631216313166352909996896893453355370971900031905064861536368499103676452924242445656064777405645812000395003619759752165689977728720890330529571717605322257202157549254012890359424689665838220774218455729769530021309350114114650902135701351508962007552926570721300763461308246524043707959129682874780754754406018816561173101453781594123444010398555266455554002367064288389691824709620792071902724716951490001921356071
302 303 -416604797468976236476667570298010821169297779044518989339982106377460106267374173404735068662859773426798893280410456848141945179340912275539962291281854499079423445761325409373071985711766734028747729059154938261287681421337360663118437409448953019484947303763988418739183213467599591949977880261353185997034915215519152966274513674969510356813636631512963858102140214051634795957136302536257786521212354205752885503207103265098207484109433587562827335975843290203218493182764524738297423918344334168061564475668119554383076237105093454903555790136416281041
303 304 -41185570199154255493978488572795475729075315857192958348114455532068377129267897562075930007681286190590033206533119503407564536733215815532917537994304710407514128291883706527872806826790937136217678356795574323808078125497925909793639989090339207757171601567243177730482008156199571028448429498556076205789478980301859860605490470922835235333768200837420433925251955197666070512956677480074302843006077148608454870727704331821972731371769784716960740854284873604428513015976281256419117098202447725932371077772436488361198412834461635298152461099685555953911
304 305 -3736639554659938129361929064383048296588209574012947750064427161325664447077923914431172839828648278942004182517529879445201132138059095980707760269526147307034757563721815335845897993590041468083816434884175936498339239031160870785204604536776531786921007721274265618864222579090169543019838494397481410611053007601432050102989823435521301708697542259456850808692888819034291006419924101085275501853431477551200295821667007559360063927395654714904212600654226025914424424134315969205757313972373788541198346521842990673645087311246776106168824738077674472727681
305 306 -322173893317254626434958909871216295445433230125576629768955385752538852705525821051277998277663414963590124698502109069837763883902249930081194034171492359566555598874113940910743767167044889432816255885394802656939684419668991009039458493906505119402719228910472858939359803115402037554408533102221180153384763539701675557312277463922012421317525500421436407417195106151434661455814611177054560631593634906135221003338357536714564538845091484758199094646450047839924134113536433813608769292038538986425082603050852337828801199098521103537986556403514887563665351
306 307 -26855420371073009824400418841857747623762683864861954479602506399319425929501858913507268743202159563524446795376673878004475080904063533117330790278635470582921594349552643449260758142410823313650524398466312770231749485188458204472096763093037858854786002901643572984694546021193544666363005850257703790890318211318818964569171699938462881913544310529921984926620852536751860963362837393570873804843148078335600691237023385106734082258001495417832135719897953396634613522061086800766222619734736268036180864816610515985844885135994998351197045504649557017020239921
307 308 -2185410022534538891858713274641997426586735271221419731672245135113920958113298776179673241351517326087904078396555534721537299904478776017040107079455284325146163476882576440019370375259712986743627148433337931397686445845817721515639534881403007655093311841446693681913312767504741671311773415368296969153212593003636146484411190695630864615861646047624460929790080530109382128398761454943532040143863513561827649077828660342578119840318106174666081636112754691161057560066337162854401806001166275030568841401979346634994986844655644882934990230830118548208437034391
308 309 -174671373933137124924808490080488631458629134433856268402162107246445308224350888641202801376849209947677974480892261222054518134438311658809521070518376801048488726323166640099905254943837739262008321668723073859021993922873661457478853505705425920859870535222815251415845206492836658663135912491149084809878094103258166400393194539389791387726176869381336726015095717637766131116312063300990774850214309462889763084525834884323046508662585538401291796164005583072435086764709938562662528226082805527170387739540533611084644065970550786688384306388938416922799029441761
309 310 -13767175912575676321860192126378169825530633657203277778293798800232601297810380380796618984618697491965711132174927824743646676430542427087453138758198365851860477931460091347190370182040347691827346427576263895075599507271472189571789855943892106795427985614426882850525009660991402765082649786871585021501344681331329814427916812296675188528558557726074907547071795952281395309258156494370345014365215971865173179001334276786936302115043573226491717527644396398142891160294405637949039504051879192429097529507377886387009728683909105854875285753614627601518731090365031
